57851.083333333336 1.0 0.0 1.0 0.0
57851.08376736111 1.0 0.0 1.0 0.0
57851.08420138889 1.0 0.0 1.0 0.0
57851.084635416664 1.0 0.0 1.0 0.0
57851.085069444445 1.0 0.0 1.0 0.0
57851.08550347222 1.0 0.0 1.0 0.0
57851.0859375 1.0 0.0 1.0 0.0
57851.08637152778 1.0 0.0 1.0 0.0
57851.086805555555 1.0 0.0 1.0 0.0
57851.087239583336 1.0 0.0 1.0 0.0
57851.08767361111 1.0 0.0 1.0 0.0
57851.08810763889 1.0 0.0 1.0 0.0
57851.088541666664 1.0 0.0 1.0 0.0
57851.088975694445 1.0 0.0 1.0 0.0
57851.08940972222 1.0 0.0 1.0 0.0
57851.08984375 1.0 0.0 1.0 0.0
57851.09027777778 1.0 0.0 1.0 0.0
57851.090711805555 1.0 0.0 1.0 0.0
57851.091145833336 1.0 0.0 1.0 0.0
57851.09157986111 1.0 0.0 1.0 0.0
57851.09201388889 1.0 0.0 1.0 0.0
57851.092447916664 1.0 0.0 1.0 0.0
57851.092881944445 1.0 0.0 1.0 0.0
57851.09331597222 1.0 0.0 1.0 0.0
57851.09375 1.0 0.0 1.0 0.0
57851.09418402778 1.0 0.0 1.0 0.0
57851.094618055555 1.0 0.0 1.0 0.0
57851.095052083336 1.0 0.0 1.0 0.0
57851.09548611111 1.0 0.0 1.0 0.0
57851.09592013889 1.0 0.0 1.0 0.0
57851.096354166664 1.0 0.0 1.0 0.0
57851.096788194445 1.0 0.0 1.0 0.0
57851.09722222222 1.0 0.0 1.0 0.0
57851.09765625 1.0 0.0 1.0 0.0
57851.09809027778 1.0 0.0 1.0 0.0
57851.098524305555 1.0 0.0 1.0 0.0
57851.098958333336 1.0 0.0 1.0 0.0
57851.09939236111 1.0 0.0 1.0 0.0
57851.09982638889 1.0 0.0 1.0 0.0
57851.100260416664 1.0 0.0 1.0 0.0
57851.100694444445 1.0 0.0 1.0 0.0
57851.10112847222 1.0 0.0 1.0 0.0
57851.1015625 1.0 0.0 1.0 0.0
57851.10199652778 1.0 0.0 1.0 0.0
57851.102430555555 1.0 0.0 1.0 0.0
57851.102864583336 1.0 0.0 1.0 0.0
57851.10329861111 1.0 0.0 1.0 0.0
57851.10373263889 1.0 0.0 1.0 0.0
57851.104166666664 1.0 0.0 1.0 0.0
57851.104600694445 1.0 0.0 1.0 0.0
57851.10503472222 1.0 0.0 1.0 0.0
57851.10546875 1.0 0.0 1.0 0.0
57851.10590277778 1.0 0.0 1.0 0.0
57851.106336805555 1.0 0.0 1.0 0.0
57851.106770833336 1.0 0.0 1.0 0.0
57851.10720486111 1.0 0.0 1.0 0.0
57851.10763888889 1.0 0.0 1.0 0.0
57851.108072916664 1.0 0.0 1.0 0.0
57851.108506944445 1.0 0.0 1.0 0.0
57851.10894097222 1.0 0.0 1.0 0.0
57851.109375 1.0 0.0 1.0 0.0
57851.10980902778 1.0 0.0 1.0 0.0
57851.110243055555 1.0 0.0 1.0 0.0
57851.110677083336 1.0 0.0 1.0 0.0
