57581.083333333336 1.0 0.0 1.0 0.0
57581.08376736111 1.0 0.0 1.0 0.0
57581.08420138889 1.0 0.0 1.0 0.0
57581.084635416664 1.0 0.0 1.0 0.0
57581.085069444445 1.0 0.0 1.0 0.0
57581.08550347222 1.0 0.0 1.0 0.0
57581.0859375 1.0 0.0 1.0 0.0
57581.08637152778 1.0 0.0 1.0 0.0
57581.086805555555 1.0 0.0 1.0 0.0
57581.087239583336 1.0 0.0 1.0 0.0
57581.08767361111 1.0 0.0 1.0 0.0
57581.08810763889 1.0 0.0 1.0 0.0
57581.088541666664 1.0 0.0 1.0 0.0
57581.088975694445 1.0 0.0 1.0 0.0
57581.08940972222 1.0 0.0 1.0 0.0
57581.08984375 1.0 0.0 1.0 0.0
57581.09027777778 1.0 0.0 1.0 0.0
57581.090711805555 1.0 0.0 1.0 0.0
57581.091145833336 1.0 0.0 1.0 0.0
57581.09157986111 1.0 0.0 1.0 0.0
57581.09201388889 1.0 0.0 1.0 0.0
57581.092447916664 1.0 0.0 1.0 0.0
57581.092881944445 1.0 0.0 1.0 0.0
57581.09331597222 1.0 0.0 1.0 0.0
57581.09375 1.0 0.0 1.0 0.0
57581.09418402778 1.0 0.0 1.0 0.0
57581.094618055555 1.0 0.0 1.0 0.0
57581.095052083336 1.0 0.0 1.0 0.0
57581.09548611111 1.0 0.0 1.0 0.0
57581.09592013889 1.0 0.0 1.0 0.0
57581.096354166664 1.0 0.0 1.0 0.0
57581.096788194445 1.0 0.0 1.0 0.0
57581.09722222222 1.0 0.0 1.0 0.0
57581.09765625 1.0 0.0 1.0 0.0
57581.09809027778 1.0 0.0 1.0 0.0
57581.098524305555 1.0 0.0 1.0 0.0
57581.098958333336 1.0 0.0 1.0 0.0
57581.09939236111 1.0 0.0 1.0 0.0
57581.09982638889 1.0 0.0 1.0 0.0
57581.100260416664 1.0 0.0 1.0 0.0
57581.100694444445 1.0 0.0 1.0 0.0
57581.10112847222 1.0 0.0 1.0 0.0
57581.1015625 1.0 0.0 1.0 0.0
57581.10199652778 1.0 0.0 1.0 0.0
57581.102430555555 1.0 0.0 1.0 0.0
57581.102864583336 1.0 0.0 1.0 0.0
57581.10329861111 1.0 0.0 1.0 0.0
57581.10373263889 1.0 0.0 1.0 0.0
57581.104166666664 1.0 0.0 1.0 0.0
57581.104600694445 1.0 0.0 1.0 0.0
57581.10503472222 1.0 0.0 1.0 0.0
57581.10546875 1.0 0.0 1.0 0.0
57581.10590277778 1.0 0.0 1.0 0.0
57581.106336805555 1.0 0.0 1.0 0.0
57581.106770833336 1.0 0.0 1.0 0.0
57581.10720486111 1.0 0.0 1.0 0.0
57581.10763888889 1.0 0.0 1.0 0.0
57581.108072916664 1.0 0.0 1.0 0.0
57581.108506944445 1.0 0.0 1.0 0.0
57581.10894097222 1.0 0.0 1.0 0.0
57581.109375 1.0 0.0 1.0 0.0
57581.10980902778 1.0 0.0 1.0 0.0
57581.110243055555 1.0 0.0 1.0 0.0
57581.110677083336 1.0 0.0 1.0 0.0
